MSG, 0, 0000: 80 80 80 80 80 80 80 80 80 80;
MSG, 0, 0010: 80 80 80 80 80 80 80 80 80 80;
MSG, 0, 0020: 80 80 80 80 80 80 80 80 80 80;
MSG, 0, 0030: 80 80 80 80 80 80 80 80 80 80;
MSG, 0, 0040: 80 80 80 80 80 80 80 80 80 80;
MSG, 0, 0050: 80 80 80 80 80 80 80 80 80 80;
MSG, 0, 0060: 80 80 80 80 80 80 80 80 80 80;
MSG, 0, 0070: 80 80 80 80 80 80 80 80 80 80;
MSG, 0, 0080: 80 80 80 80 80 80 80 80 80 80;
MSG, 0, 0090: 80 80 80 80 80 80 80 80 80 80;
MSG, 0, 0100: 80 80 80 80 80 80 80 80 80 80;
MSG, 0, 0110: 80 80 80 80 80 80 80 80 80 80;
MSG, 0, 0120: 80 80 80 80 80 80 80 80 80 80;
MSG, 0, 0130: 80 80 80 80 80 80 80 80 80 80;
MSG, 0, 0140: 80 80 80 80 80 80 80 80 80 80;
MSG, 0, 0150: 80 80 80 80 80 80 80 80 80 80;
MSG, 0, 0160: 80 80 80 80 80 80 80 80 80 80;
MSG, 0, 0170: 80 80 80 80 80 80 80 80 80 80;
MSG, 0, 0180: 80 80 80 80 80 80 80 80 80 80;
MSG, 0, 0190: 80 80 80 80 80 80 80 80 80 80;
MSG, 0, 0200: 80 80 80 80 80 80 80 80 80 80;
MSG, 0, 0210: 80 80 80 80 80 80 80 80 80 80;
MSG, 0, 0220: 80 80 80 80 80 80 80 80 80 80;
MSG, 0, 0230: 80 80 80 80 80 80 80 80 80 80;
MSG, 0, 0240: 80 80 80 80 80 80 80 80 80 80;
MSG, 0, 0250: 80 80 80 80 80 80 80 80 80 80;
MSG, 0, 0260: 80 80 80 80 80 80 80 80 80 80;
MSG, 0, 0270: 80 80 80 80 80 80 80 80 80 80;
MSG, 0, 0280: 80 80 80 80 80 80 80 80 80 80;
MSG, 0, 0290: 80 80 80 80 80 80 80 80 80 80;
MSG, 0, 0300: 80 80 80 80 80 80 80 80 80 80;
MSG, 0, 0310: 80 80 80 80 80 80 80 80 80 80;
MSG, 0, 0320: 80 80 80 80 80 80 80 80 80 80;
MSG, 0, 0330: 80 80 80 80 80 80 80 80 80 80;
MSG, 0, 0340: 80 80 80 80 80 80 80 80 80 80;
MSG, 0, 0350: 80 80 80 80 80 80 80 80 80 80;
MSG, 0, 0360: 80 80 80 80 80 80 80 80 80 80;
MSG, 0, 0370: 80 80 80 80 80 80 80 80 80 80;
MSG, 0, 0380: 80 80 80 80 80 80 80 80 80 80;
MSG, 0, 0390: 80 80 80 80 80 80 80 80 80 80;
MSG, 0, 0400: 80 80 81 82 83 84 85 86 87 88;
MSG, 0, 0410: 89 8A 8B 8B 8C 8D 8E 8F 90 91;
MSG, 0, 0420: 92 93 94 95 96 96 97 98 99 9A;
MSG, 0, 0430: 9B 9C 9D 9E 9E 9F A0 A1 A2 A3;
MSG, 0, 0440: A4 A5 A5 A6 A7 A8 A9 AA AB AB;
MSG, 0, 0450: AC AD AE AF B0 B0 B1 B2 B3 B4;
MSG, 0, 0460: B5 B5 B6 B7 B8 B8 B9 BA BB BC;
MSG, 0, 0470: BC BD BE BF BF C0 C1 C1 C2 C3;
MSG, 0, 0480: C4 C4 C5 C6 C6 C7 C8 C8 C9 CA;
MSG, 0, 0490: CA CB CC CC CD CE CE CF CF D0;
MSG, 0, 0500: D1 D1 D2 D2 D3 D3 D4 D4 D5 D5;
MSG, 0, 0510: D6 D6 D7 D7 D8 D8 D9 D9 DA DA;
MSG, 0, 0520: DB DB DB DC DC DD DD DD DE DE;
MSG, 0, 0530: DF DF DF E0 E0 E0 E0 E1 E1 E1;
MSG, 0, 0540: E1 E2 E2 E2 E2 E3 E3 E3 E3 E3;
MSG, 0, 0550: E4 E4 E4 E4 E4 E4 E4 E4 E4 E4;
MSG, 0, 0560: E5 E5 E5 E5 E5 E5 E5 E5 E5 E5;
MSG, 0, 0570: E5 E5 E5 E5 E5 E5 E5 E5 E5 E5;
MSG, 0, 0580: E5 E4 E4 E4 E4 E4 E4 E4 E4 E4;
MSG, 0, 0590: E4 E4 E4 E4 E4 E4 E4 E4 E4 E4;
MSG, 0, 0600: E3 E3 E3 E3 E3 E3 E3 E3 E3 E3;
MSG, 0, 0610: E3 E3 E3 E3 E3 E3 E3 E3 E3 E3;
MSG, 0, 0620: E3 E3 E3 E3 E3 E3 E3 E3 E3 E3;
MSG, 0, 0630: E3 E3 E3 E3 E3 E3 E3 E3 E3 E3;
MSG, 0, 0640: E3 E3 E3 E3 E3 E3 E3 E3 E3 E3;
MSG, 0, 0650: E4 80 80 80 80 80 80 80 80 80;
MSG, 0, 0660: 80 80 80 80 80 80 80 80 80 80;
MSG, 0, 0670: 80 80 80 80 80 80 80 80 80 80;
MSG, 0, 0680: 80 80 80 80 80 80 80 80 80 80;
MSG, 0, 0690: 80 80 80 80 80 80 80 80 80 80;
MSG, 0, 0700: 80 80 80 80 80 80 80 80 80 80;
MSG, 0, 0710: 80 80 80 80 80 80 80 80 80 80;
MSG, 0, 0720: 80 80 80 80 80 80 80 80 80 80;
MSG, 0, 0730: 80 80 80 80 80 80 80 80 80 80;
MSG, 0, 0740: 80 80 80 80 80 80 80 80 80 80;
MSG, 0, 0750: 80 80 80 80 80 80 80 80 80 80;
MSG, 0, 0760: 80 80 80 80 80 80 80 80 80 80;
MSG, 0, 0770: 80 80 80 80 80 80 80 80 80 80;
MSG, 0, 0780: 80 80 80 80 80 80 80 80 80 80;
MSG, 0, 0790: 80 80 80 80 80 80 80 80 80 80;
MSG, 0, 0800: 80 80 80 80 80 80 80 80 80 80;
MSG, 0, 0810: 80 80 80 80 80 80 80 80 80 80;
MSG, 0, 0820: 80 80 80 80 80 80 80 80 80 80;
MSG, 0, 0830: 80 80 80 80 80 80 80 80 80 80;
MSG, 0, 0840: 80 80 80 80 80 80 80 80 80 80;
MSG, 0, 0850: 80 80 80 80 80 80 80 80 80 80;
MSG, 0, 0860: 80 80 80 80 80 80 80 80 80 80;
MSG, 0, 0870: 80 80 80 80 80 80 80 80 80 80;
MSG, 0, 0880: 80 80 80 80 80 80 80 80 80 80;
MSG, 0, 0890: 80 80 80 80 80 80 80 80 80 80;
MSG, 0, 0900: 80 80 80 80 80 80 80 80 80 80;
MSG, 0, 0910: 80 80 80 80 80 80 80 80 80 80;
MSG, 0, 0920: 80 80 80 80 80 80 80 80 80 80;
MSG, 0, 0930: 80 80 80 80 80 80 80 80 80 80;
MSG, 0, 0940: 80 80 80 80 80 80 80 80 80 80;
MSG, 0, 0950: 80 80 80 80 80 80 80 80 80 80;
MSG, 0, 0960: 80 80 80 80 80 80 80 80 80 80;
MSG, 0, 0970: 80 80 80 80 80 80 80 80 80 80;
MSG, 0, 0980: 80 80 80 80 80 80 80 80 80 80;
MSG, 0, 0990: 80 80 80 80 80 80 80 80 80 80;
MSG, 0, 1000: 80 80 80 80 80 80 80 80 80 80;
MSG, 0, 1010: 80 80 80 80 80 80 80 80 80 80;
MSG, 0, 1020: 80 80 80 80 80 80 80 80 80 80;
MSG, 0, 1030: 80 80 80 80 80 80 80 80 80 80;
MSG, 0, 1040: 80 80 80 80 80 80 80 80 80 80;
MSG, 0, 1050: 80 80 80 80 80 80 80 80 80 80;
MSG, 0, 1060: 80 80 80 80 80 80 80 80 80 80;
MSG, 0, 1070: 80 80 80 80 80 80 80 80 80 80;
MSG, 0, 1080: 80 80 80 80 80 80 80 80 80 80;
MSG, 0, 1090: 80 80 80 80 80 80 80 80 80 80;
MSG, 0, 1100: 80 80 80 80 80 80 80 80 80 80;
MSG, 0, 1110: 80 80 80 80 80 80 80 80 80 80;
MSG, 0, 1120: 80 80 80 80 80 80 80 80 80 80;
MSG, 0, 1130: 80 80 80 80 80 80 80 80 80 80;
MSG, 0, 1140: 80 80 80 80 80 80 80 80 80 80;
MSG, 0, 1150: 80 80 80 80 80 80 80 80 80 80;
MSG, 0, 1160: 80 80 80 80 80 80 80 80 80 80;
MSG, 0, 1170: 80 80 80 80 80 80 80 80 80 80;
MSG, 0, 1180: 80 80 80 80 80 80 80 80 80 80;
MSG, 0, 1190: 80 80 80 80 80 80 80 80 80 80;
MSG, 0, 1200: 80 80 80 80 80 80 80 80 80 80;
MSG, 0, 1210: 80 80 80 80 80 80 80 80 80 80;
MSG, 0, 1220: 80 80 80 80 80 80 80 80 80 80;
MSG, 0, 1230: 80 80 80 80 80 80 80 80 80 80;
MSG, 0, 1240: 80 80 80 80 80 80 80 80 80 80;
MSG, 0, 1250: 80 80 80 80 80 80 80 80 80 80;
MSG, 0, 1260: 80 80 80 80 80 80 80 80 80 80;
MSG, 0, 1270: 80 80 80 80 80 80 80 80 80 80;
MSG, 0, 1280: 80 80 80 80 80 80 80 80 80 80;
MSG, 0, 1290: 80 80 80 80 80 80 80 80 80 80;
MSG, 0, 1300: 80 80 80 80 80 80 80 80 80 80;
MSG, 0, 1310: 80 80 80 80 80 80 80 80 80 80;
MSG, 0, 1320: 80 80 80 80 80 80 80 80 80 80;
MSG, 0, 1330: 80 80 80 80 80 80 80 80 80 80;
MSG, 0, 1340: 80 80 80 80 80 80 80 80 80 80;
MSG, 0, 1350: 80 80 80 80 80 80 80 80 80 80;
MSG, 0, 1360: 80 80 80 80 80 80 80 80 80 80;
MSG, 0, 1370: 80 80 80 80 80 80 80 80 80 80;
MSG, 0, 1380: 80 80 80 80 80 80 80 80 80 80;
MSG, 0, 1390: 80 80 80 80 80 80 80 80 80 80;
MSG, 0, 1400: 80 80 80 80 80 80 80 80 80 80;
MSG, 0, 1410: 80 80 80 80 80 80 80 80 80 80;
MSG, 0, 1420: 80 80 80 80 80 80 80 80 80 80;
MSG, 0, 1430: 80 80 80 80 80 80 80 80 80 80;
MSG, 0, 1440: 80 80 80 80 80 80 80 80 80 80;
MSG, 0, 1450: 80 80 80 80 80 80 80 80 80 80;
MSG, 0, 1460: 80 80 80 80 80 80 80 80 80 80;
MSG, 0, 1470: 80 80 80 80 80 80 80 80 80 80;
MSG, 0, 1480: 80 80 80 80 80 80 80 80 80 80;
MSG, 0, 1490: 80 80 80 80 80 80 80 80 80 80;
MSG, 0, 1500: 80 80 80 80 80 80 80 80 80 80;
MSG, 0, 1510: 80 80 80 80 80 80 80 80 80 80;
MSG, 0, 1520: 80 80 80 80 80 80 80 80 80 80;
MSG, 0, 1530: 80 80 80 80 80 80 80 80 80 80;
MSG, 0, 1540: 80 80 80 80 80 80 80 80 80 80;
MSG, 0, 1550: 80 80 80 80 80 80 80 80 80 80;
MSG, 0, 1560: 80 80 80 80 80 80 80 80 80 80;
MSG, 0, 1570: 80 80 80 80 80 80 80 80 80 80;
MSG, 0, 1580: 80 80 80 80 80 80 80 80 80 80;
MSG, 0, 1590: 80 80 80 80 80 80 80 80 80 80;
MSG, 0, 1600: 80 80 80 80 80 80 80 80 80 80;
MSG, 0, 1610: 80 80 80 80 80 80 80 80 80 80;
MSG, 0, 1620: 80 80 80 80 80 80 80 80 80 80;
MSG, 0, 1630: 80 80 80 80 80 80 80 80 80 80;
MSG, 0, 1640: 80 80 80 80 80 80 80 80 80 80;
MSG, 0, 1650: 80 80 80 80 80 80 80 80 80 80;
MSG, 0, 1660: 80 80 80 80 80 80 80 80 80 80;
MSG, 0, 1670: 80 80 80 80 80 80 80 80 80 80;
MSG, 0, 1680: 80 80 80 80 80 80 80 80 80 80;
MSG, 0, 1690: 80 80 80 80 80 80 80 80 80 80;
MSG, 0, 1700: 80 80 80 80 80 80 80 80 80 80;
MSG, 0, 1710: 80 80 80 80 80 80 80 80 80 80;
MSG, 0, 1720: 80 80 80 80 80 80 80 80 80 80;
MSG, 0, 1730: 80 80 80 80 80 80 80 80 80 80;
MSG, 0, 1740: 80 80 80 80 80 80 80 80 80 80;
MSG, 0, 1750: 80 80 80 80 80 80 80 80 80 80;
MSG, 0, 1760: 80 80 80 80 80 80 80 80 80 80;
MSG, 0, 1770: 80 80 80 80 80 80 80 80 80 80;
MSG, 0, 1780: 80 80 80 80 80 80 80 80 80 80;
MSG, 0, 1790: 80 80 80 80 80 80 80 80 80 80;
MSG, 0, 1800: 80 80 80 80 80 80 80 80 80 80;
MSG, 0, 1810: 80 80 80 80 80 80 80 80 80 80;
MSG, 0, 1820: 80 80 80 80 80 80 80 80 80 80;
MSG, 0, 1830: 80 80 80 80 80 80 80 80 80 80;
MSG, 0, 1840: 80 80 80 80 80 80 80 80 80 80;
MSG, 0, 1850: 80 80 80 80 80 80 80 80 80 80;
MSG, 0, 1860: 80 80 80 80 80 80 80 80 80 80;
MSG, 0, 1870: 80 80 80 80 80 80 80 80 80 80;
MSG, 0, 1880: 80 80 80 80 80 80 80 80 80 80;
MSG, 0, 1890: 80 80 80 80 80 80 80 80 80 80;
MSG, 0, 1900: 80 80 80 80 80 80 80 80 80 80;
MSG, 0, 1910: 80 80 80 80 80 80 80 80 80 80;
MSG, 0, 1920: 80 80 80 80 80 80 80 80 80 80;
MSG, 0, 1930: 80 80 80 80 80 80 80 80 80 80;
MSG, 0, 1940: 80 80 80 80 80 80 80 80 80 80;
MSG, 0, 1950: 80 80 80 80 80 80 80 80 80 80;
MSG, 0, 1960: 80 80 80 80 80 80 80 80 80 80;
MSG, 0, 1970: 80 80 80 80 80 80 80 80 80 80;
MSG, 0, 1980: 80 80 80 80 80 80 80 80 80 80;
MSG, 0, 1990: 80 80 80 80 80 80 80 80 80 80;
