#### META INFO: real uav, ramp, 191206T1317+0100
MSG, 247420003, 0000: 00 00 00 00 00 00 00 00 00 00;
MSG, 247420091, 0010: 00 00 00 00 00 00 00 00 00 00;
MSG, 247420293, 0020: 00 00 00 00 00 00 00 00 00 00;
MSG, 247420620, 0030: 00 00 00 00 00 00 00 00 00 00;
MSG, 247420708, 0040: 00 00 00 00 00 00 00 00 00 00;
MSG, 247420934, 0050: 00 00 00 00 00 00 00 00 00 00;
MSG, 247421022, 0060: 00 00 00 00 00 00 00 80 80 7F;
MSG, 247421193, 0070: 7F 7F 7F 7F 7F 7F 80 81 82 84;
MSG, 247421504, 0080: 85 85 85 85 85 85 85 85 86 86;
MSG, 247421656, 0090: 85 87 88 89 89 89 00 89 8A 00;
MSG, 247421745, 0100: 8A 8B 8C 00 8B 00 8B 8C 8D 8D;
MSG, 247421989, 0110: 8D 00 00 8B 8B 8B 8B 00 89 89;
MSG, 247422217, 0120: 89 89 89 89 89 8D 8E 90 90 90;
MSG, 247422438, 0130: 8F 8F 8F 90 90 90 90 00 8F 8F;
MSG, 247422595, 0140: 8F 00 8E 8E 8E 8E 8E 96 96 91;
MSG, 247422684, 0150: 91 8F 92 8C 8A 8A 89 8E 8E 00;
MSG, 247422907, 0160: 8C 8C 8B 8B 00 8A 00 89 89 89;
MSG, 247422997, 0170: 88 88 89 89 89 89 88 88 88 88;
MSG, 247423170, 0180: 88 88 87 87 87 88 88 88 88 88;
MSG, 247423429, 0190: 88 88 88 88 88 88 88 88 88 89;
MSG, 247423518, 0200: 89 89 89 89 89 88 88 86 87 86;
MSG, 247423673, 0210: 86 86 87 88 89 89 8B 8E 8F 90;
MSG, 247423863, 0220: 93 94 95 00 98 9A 9D 9E A1 A2;
MSG, 247423988, 0230: A3 A4 A5 A6 00 A6 A8 A9 AA AA;
MSG, 247424077, 0240: AC AE AF B0 B1 B1 B1 B1 B2 B2;
MSG, 247424254, 0250: B2 B2 B2 B2 B2 B2 B1 B1 B1 B0;
MSG, 247424569, 0260: B1 B0 B0 B0 AF AF AF AF AF AF;
MSG, 247424719, 0270: AF AF AF AF AF AF AF AF AF AF;
MSG, 247424826, 0280: AF B0 B0 B0 B0 B0 B0 B0 B0 B0;
MSG, 247425042, 0290: B0 B0 B0 B0 B0 B0 AF AF AF AF;
MSG, 247425131, 0300: AF AF AF AF AE AF AF AF AF AF;
MSG, 247425301, 0310: AE AE AF AF AF AF AF AE AE 00;
MSG, 247425630, 0320: 00 00 00 00 00 00 00 00 00 00;
MSG, 247425719, 0330: 00 00 00 00 00 00 00 00 00 00;
MSG, 247425944, 0340: 00 00 00 00 00 00 00 00 00 00;
MSG, 247426112, 0350: 00 00 00 00 00 00 00 00 00 00;
MSG, 247426312, 0360: 00 00 00 00 00 00 00 00 00 00;
MSG, 247426423, 0370: 00 00 00 00 00 00 00 00 00 00;
MSG, 247426516, 0380: 00 00 00 00 00 00 00 00 00 00;
MSG, 247426668, 0390: 00 00 00 00 00 00 00 00 00 00;
MSG, 247426891, 0400: 00 00 00 00 00 00 00 00 00 00;
MSG, 247426979, 0410: 00 00 00 00 00 00 00 00 00 00;
MSG, 247427155, 0420: 00 00 00 00 00 00 00 00 00 00;
MSG, 247427424, 0430: 00 00 00 00 00 00 00 00 00 00;
MSG, 247427648, 0440: 00 00 00 00 00 00 00 00 00 00;
MSG, 247427736, 0450: 00 00 00 00 00 00 00 00 00 00;
MSG, 247427970, 0460: 00 00 00 00 00 00 00 00 00 00;
MSG, 247428058, 0470: 00 00 00 00 00 00 00 00 00 00;
MSG, 247428296, 0480: 00 00 00 00 00 00 00 00 00 00;
MSG, 247428799, 0490: 00 00 00 00 00 00 00 00 00 00;
MSG, 247428902, 0500: 00 00 00 00 00 00 00 00 00 00;
MSG, 247429121, 0510: 00 00 00 00 00 00 00 00 00 00;
MSG, 247429209, 0520: 00 00 00 00 00 00 00 00 00 00;
MSG, 247429386, 0530: 00 00 00 00 00 00 00 00 00 00;
MSG, 247429676, 0540: 00 00 00 00 00 00 00 00 00 00;
MSG, 247429774, 0550: 00 00 00 00 00 00 00 00 00 00;
MSG, 247429990, 0560: 00 00 00 00 00 00 00 00 00 00;
MSG, 247430141, 0570: 00 00 00 00 00 00 00 00 00 00;
MSG, 247430229, 0580: 00 00 00 00 00 00 00 00 00 00;
MSG, 247430402, 0590: 00 00 00 00 00 00 00 00 00 00;
MSG, 247430707, 0600: 00 00 00 00 00 00 00 00 00 00;
MSG, 247430796, 0610: 00 00 00 00 00 00 00 00 00 00;
MSG, 247431010, 0620: 00 00 00 00 00 00 00 00 00 00;
MSG, 247431159, 0630: 00 00 00 00 00 00 00 00 00 00;
MSG, 247431248, 0640: 00 00 00 00 00 00 00 00 00 00;
MSG, 247431417, 0650: 00 00 00 00 00 00 00 00 00 00;
MSG, 247431697, 0660: 00 00 00 00 00 00 00 00 00 00;
MSG, 247431764, 0670: 00 00 00 00 00 00 00 00 00 00;
MSG, 247432004, 0680: 00 00 00 00 00 00 00 00 00 00;
MSG, 247432092, 0690: 00 00 00 00 00 00 00 00 00 00;
MSG, 247432451, 0700: 00 00 00 00 00 00 00 00 00 00;
MSG, 247432521, 0710: 00 00 00 00 00 00 00 00 00 00;
MSG, 247432674, 0720: 00 00 00 00 00 00 00 00 00 00;
MSG, 247432743, 0730: 00 00 00 00 00 00 00 00 00 00;
MSG, 247432948, 0740: 00 00 00 00 00 00 00 00 00 00;
MSG, 247433018, 0750: 00 00 00 00 00 00 00 00 00 00;
MSG, 247433170, 0760: 00 00 00 00 00 00 00 00 00 00;
MSG, 247433244, 0770: 00 00 00 00 00 00 00 00 00 00;
MSG, 247433466, 0780: 00 00 00 00 00 00 00 00 00 00;
MSG, 247433619, 0790: 00 00 00 00 00 00 00 00 00 00;
MSG, 247433689, 0800: 00 00 00 00 00 00 00 00 00 00;
MSG, 247433857, 0810: 00 00 00 00 00 00 00 00 00 00;
MSG, 247433963, 0820: 00 00 00 00 00 00 00 00 00 00;
MSG, 247434032, 0830: 00 00 00 00 00 00 00 00 00 00;
MSG, 247434183, 0840: 00 00 00 00 00 00 00 00 00 00;
MSG, 247434439, 0850: 00 00 00 00 00 00 00 00 00 00;
MSG, 247434536, 0860: 00 00 00 00 00 00 00 00 00 00;
MSG, 247434686, 0870: 00 00 00 00 00 00 00 00 00 00;
MSG, 247434755, 0880: 00 00 00 00 00 00 00 00 00 00;
MSG, 247434970, 0890: 00 00 00 00 00 00 00 00 00 00;
MSG, 247435039, 0900: 00 00 00 00 00 00 00 00 00 00;
MSG, 247435108, 0910: 00 00 00 00 00 00 00 00 00 00;
MSG, 247435259, 0920: 00 00 00 00 00 00 00 00 00 00;
MSG, 247435438, 0930: 00 00 00 00 00 00 00 00 00 00;
MSG, 247435512, 0940: 00 00 00 00 00 00 00 00 00 00;
MSG, 247435668, 0950: 00 00 00 00 00 00 00 00 00 00;
MSG, 247435737, 0960: 00 00 00 00 00 00 00 00 00 00;
MSG, 247435938, 0970: 00 00 00 00 00 00 00 00 00 00;
MSG, 247436009, 0980: 00 00 00 00 00 00 00 00 00 00;
MSG, 247436157, 0990: 00 00 00 00 00 00 00 00 00 00;
MSG, 247436380, 1000: 00 00 00 00 00 00 00 00 00 00;
MSG, 247436450, 1010: 00 00 00 00 00 00 00 00 00 00;
MSG, 247436520, 1020: 00 00 00 00 00 00 00 00 00 00;
MSG, 247436679, 1030: 00 00 00 00 00 00 00 00 00 00;
MSG, 247436748, 1040: 00 00 00 00 00 00 00 00 00 00;
MSG, 247436954, 1050: 00 00 00 00 00 00 00 00 00 00;
MSG, 247437024, 1060: 00 00 00 00 00 00 00 00 00 00;
MSG, 247437179, 1070: 00 00 00 00 00 00 00 00 00 00;
MSG, 247437249, 1080: 00 00 00 00 00 00 00 00 00 00;
MSG, 247437553, 1090: 00 00 00 00 00 00 00 00 00 00;
MSG, 247437658, 1100: 00 00 00 00 00 00 00 00 00 00;
MSG, 247437755, 1110: 00 00 00 00 00 00 00 00 00 00;
MSG, 247437960, 1120: 00 00 00 00 00 00 00 00 00 00;
MSG, 247438030, 1130: 00 00 00 00 00 00 00 00 00 00;
MSG, 247438180, 1140: 00 00 00 00 00 00 00 00 00 00;
MSG, 247438443, 1150: 00 00 00 00 00 00 00 00 00 00;
MSG, 247438605, 1160: 00 00 00 00 00 00 00 00 00 00;
MSG, 247438688, 1170: 00 00 00 00 00 00 00 00 00 00;
MSG, 247438890, 1180: 00 00 00 00 00 00 00 00 00 00;
MSG, 247438959, 1190: 00 00 00 00 00 00 00 00 00 00;
MSG, 247439112, 1200: 00 00 00 00 00 00 00 00 00 00;
MSG, 247439296, 1210: 00 00 00 00 00 00 00 00 00 00;
MSG, 247439365, 1220: 00 00 00 00 00 00 00 00 00 00;
MSG, 247439437, 1230: 00 00 00 00 00 00 00 00 00 00;
MSG, 247439507, 1240: 00 00 00 00 00 00 00 00 00 00;
MSG, 247439639, 1250: 00 00 00 00 00 00 00 00 00 00;
MSG, 247439709, 1260: 00 00 00 00 00 00 00 00 00 00;
MSG, 247439938, 1270: 00 00 00 00 00 00 00 00 00 00;
MSG, 247440013, 1280: 00 00 00 00 00 00 00 00 00 00;
MSG, 247440165, 1290: 00 00 00 00 00 00 00 00 00 00;
MSG, 247440234, 1300: 00 00 00 00 00 00 00 00 00 00;
MSG, 247440456, 1310: 00 00 00 00 00 00 00 00 00 00;
MSG, 247440613, 1320: 00 00 00 00 00 00 00 00 00 00;
MSG, 247440683, 1330: 00 00 00 00 00 00 00 00 00 00;
MSG, 247440925, 1340: 00 00 00 00 00 00 00 00 00 00;
MSG, 247440995, 1350: 00 00 00 00 00 00 00 00 00 00;
MSG, 247441064, 1360: 00 00 00 00 00 00 00 00 00 00;
MSG, 247441223, 1370: 00 00 00 00 00 00 00 00 00 00;
MSG, 247441497, 1380: 00 00 00 00 00 00 00 00 00 00;
MSG, 247441633, 1390: 00 00 00 00 00 00 00 00 00 00;
MSG, 247441703, 1400: 00 00 00 00 00 00 00 00 00 00;
MSG, 247441930, 1410: 00 00 00 00 00 00 00 00 00 00;
MSG, 247442014, 1420: 00 00 00 00 00 00 00 00 00 00;
MSG, 247442084, 1430: 00 00 00 00 00 00 00 00 00 00;
MSG, 247442451, 1440: 00 00 00 00 00 00 00 00 00 00;
MSG, 247442521, 1450: 00 00 00 00 00 00 00 00 00 00;
MSG, 247442653, 1460: 00 00 00 00 00 00 00 00 00 00;
MSG, 247442723, 1470: 00 00 00 00 00 00 00 00 00 00;
MSG, 247442945, 1480: 00 00 00 00 00 00 00 00 00 00;
MSG, 247443015, 1490: 00 00 00 00 00 00 00 00 00 00;
MSG, 247443164, 1500: 00 00 00 00 00 00 00 00 00 00;
MSG, 247443395, 1510: 00 00 00 00 00 00 00 00 00 00;
MSG, 247443464, 1520: 00 00 00 00 00 00 00 00 00 00;
MSG, 247443599, 1530: 00 00 00 00 00 00 00 00 00 00;
MSG, 247443669, 1540: 00 00 00 00 00 00 00 00 00 00;
MSG, 247443739, 1550: 00 00 00 00 00 00 00 00 00 00;
MSG, 247443966, 1560: 00 00 00 00 00 00 00 00 00 00;
MSG, 247444035, 1570: 00 00 00 00 00 00 00 00 00 00;
MSG, 247444187, 1580: 00 00 00 00 00 00 00 00 00 00;
MSG, 247444257, 1590: 00 00 00 00 00 00 00 00 00 00;
MSG, 247444498, 1600: 00 00 00 00 00 00 00 00 00 00;
MSG, 247444631, 1610: 00 00 00 00 00 00 00 00 00 00;
MSG, 247444700, 1620: 00 00 00 00 00 00 00 00 00 00;
MSG, 247444770, 1630: 00 00 00 00 00 00 00 00 00 00;
MSG, 247445006, 1640: 00 00 00 00 00 00 00 00 00 00;
MSG, 247445076, 1650: 00 00 00 00 00 00 00 00 00 00;
MSG, 247445146, 1660: 00 00 00 00 00 00 00 00 00 00;
MSG, 247445299, 1670: 00 00 00 00 00 00 00 00 00 00;
MSG, 247445521, 1680: 00 00 00 00 00 00 00 00 00 00;
MSG, 247445659, 1690: 00 00 00 00 00 00 00 00 00 00;
MSG, 247445728, 1700: 00 00 00 00 00 00 00 00 00 00;
MSG, 247445930, 1710: 00 00 00 00 00 00 00 00 00 00;
MSG, 247446022, 1720: 00 00 00 00 00 00 00 00 00 00;
MSG, 247446173, 1730: 00 00 00 00 00 00 00 00 00 00;
MSG, 247446395, 1740: 00 00 00 00 00 00 00 00 00 00;
MSG, 247446465, 1750: 00 00 00 00 00 00 00 00 00 00;
MSG, 247446600, 1760: 00 00 00 00 00 00 00 00 00 00;
MSG, 247446670, 1770: 00 00 00 00 00 00 00 00 00 00;
MSG, 247446744, 1780: 00 00 00 00 00 00 00 00 00 00;
MSG, 247446950, 1790: 00 00 00 00 00 00 00 00 00 00;
MSG, 247447041, 1800: 00 00 00 00 00 00 00 00 00 00;
MSG, 247447193, 1810: 00 00 00 00 00 00 00 00 00 00;
MSG, 247447421, 1820: 00 00 00 00 00 00 00 00 00 00;
MSG, 247447491, 1830: 00 00 00 00 00 00 00 00 00 00;
MSG, 247447697, 1840: 00 00 00 00 00 00 00 00 00 00;
MSG, 247447766, 1850: 00 00 00 00 00 00 00 00 00 00;
MSG, 247448005, 1860: 00 00 00 00 00 00 00 00 00 00;
MSG, 247448075, 1870: 00 00 00 00 00 00 00 00 00 00;
MSG, 247448255, 1880: 00 00 00 00 00 00 00 00 00 00;
MSG, 247448325, 1890: 00 00 00 00 00 00 00 00 00 00;
MSG, 247448677, 1900: 00 00 00 00 00 00 00 00 00 00;
MSG, 247448883, 1910: 00 00 00 00 00 00 00 00 00 00;
MSG, 247448959, 1920: 00 00 00 00 00 00 00 00 00 00;
MSG, 247449218, 1930: 00 00 00 00 00 00 00 00 00 00;
MSG, 247449442, 1940: 00 00 00 00 00 00 00 00 00 00;
MSG, 247449515, 1950: 00 00 00 00 00 00 00 00 00 00;
MSG, 247449648, 1960: 00 00 00 00 00 00 00 00 00 00;
